times,20
0,5,55,35,8,5,57,22,36,59,45,49,39,39,24,25,36,32,54,19, 
5,0,10,7,27,43,48,38,9,20,25,24,11,36,55,27,15,37,19,53, 
55,10,0,44,41,13,44,9,27,39,8,49,27,19,46,9,55,54,59,27, 
35,7,44,0,48,38,16,13,10,23,44,58,58,54,35,14,37,28,50,43, 
8,27,41,48,0,25,46,34,24,12,36,50,16,15,5,19,53,59,38,58, 
5,43,13,38,25,0,57,5,36,46,38,27,38,53,23,12,16,6,40,26, 
57,48,44,16,46,57,0,37,58,38,31,43,33,11,56,54,30,12,43,17, 
22,38,9,13,34,5,37,0,34,42,46,30,45,43,40,9,45,57,33,40, 
36,9,27,10,24,36,58,34,0,48,16,7,24,32,13,31,45,55,15,39, 
59,20,39,23,12,46,38,42,48,0,39,43,25,16,49,13,9,39,50,36, 
45,25,8,44,36,38,31,46,16,39,0,55,34,5,20,9,39,36,32,13, 
49,24,49,58,50,27,43,30,7,43,55,0,48,28,40,18,47,8,10,5, 
39,11,27,58,16,38,33,45,24,25,34,48,0,52,50,22,51,30,47,26, 
39,36,19,54,15,53,11,43,32,16,5,28,52,0,46,16,39,30,42,19, 
24,55,46,35,5,23,56,40,13,49,20,40,50,46,0,50,47,18,44,46, 
25,27,9,14,19,12,54,9,31,13,9,18,22,16,50,0,7,29,47,58, 
36,15,55,37,53,16,30,45,45,9,39,47,51,39,47,7,0,31,30,21, 
32,37,54,28,59,6,12,57,55,39,36,8,30,30,18,29,31,0,58,35, 
54,19,59,50,38,40,43,33,15,50,32,10,47,42,44,47,30,58,0,35, 
19,53,27,43,58,26,17,40,39,36,13,5,26,19,46,58,21,35,35,0, 
jobs,10 
0,10,2,264,272,68,306,34,360,17,386,8,
1,11,3,476,534,36,586,18,621,9,672,4,
2,2,12,55,82,71,102,35,129,17,155,8,
3,14,18,318,362,67,377,33,391,16,422,8,
4,1,17,93,130,56,141,28,192,14,229,7,
5,14,10,632,652,48,674,24,706,12,729,6,
6,1,13,223,259,91,304,45,350,22,367,11,
7,6,15,142,196,86,245,43,281,21,319,10,
8,10,9,394,433,72,476,36,510,18,526,9,
9,3,11,534,592,69,617,34,675,17,687,8,
